Grid:0
0,6,0,8,0,0,0,0,0,8,0,0,0,7,9,0,4,0,0,0,9,0,2,1,0,0,0,0,4,1,0,6,7,2,8,0,9,0,0,3,1,2,0,0,5,0,2,7,9,8,0,1,6,0,0,0,0,2,4,0,7,0,0,0,7,0,1,5,0,0,0,2,0,0,0,0,0,8,0,5,0
Grid:1
730000000056207143014035000000060790100903005092050000000370910379804560000000087
Grid:2
905108003010400000000095480000037009173000546800510000039860000000003060400901708
Grid:3
000390078000700240027040305200530000053908120000024009901070850084009000570013000
Grid:4
008003124430900080217000005000000010570128093080000000800000649040005071793400200
Grid:5
301087000890050300270069001600400080010070090040006003400910038003040062000630409
Grid:6
901200000400000100835010200004100905019602730302004800008050392006000007000009601
Grid:7
100002003860000000570893401004600000006528700000009200601957042000000075200100009
Grid:8
561080300008075061904000520040300000010507090000006030097000603620750100005060247
Grid:9
050008000107625340003000050000402910072501680019803000040000500025186704000900020
Grid:10
700000000160490007005006120006048319000000000893750600021900500400025031000000008
Grid:11
100072400050090002000000130947000623000040000821000754084000000500060090003180007
Grid:12
009200070700000204006010035000050300070821050004090000420060700901000006060003900
Grid:13
010003008004200006802000007000709860600000003078104000100000204900002100400800030
Grid:14
000000030360020059010040680005008010700060005030400900043050060670030092090000000
Grid:15
700038400030000090400700002150900200003060900004002018800007003040000070006320004
Grid:16
000006100908710040002509800000000981201000604489000000005108400040067509006400000
Grid:17
026900538000300090030051006280039000000000000000410023900720060070003000463005270
Grid:18
001600300076010000400200069000004026080020040320900000810003005000090430003006200
Grid:19
000000000000208047740009008008004006601507804200800300800900071430705000000000000
Grid:20
300090067092003000000000300007306050500000003040208100009000000000800590850040002
Grid:21
708300400000600003000010800400060001029070680800020005001080000300002000005006907
Grid:22
070500004000003100080200006560002700007000200003800069400007050006100000200006090
Grid:23
008000376040500000600700009200400010000982000090003008500007001000009040719000800
Grid:24
006002000001600030400080001900200507000801000708009004200060003050008900000700100
Grid:25
000000300548000009007009004009054030000673000050920100800500200300000748006000000
Grid:26
018500740700810000000000003200040090107000308030050007300000000000073004076001230
Grid:27
060080470010007000027000006000605004004803700700109000500000140000500020039010080
Grid:28
008020000070180090000005800090016007007000300200340050006200000050094020000060100
Grid:29
050400800870009040000010000790850004000090000100026079000070000020900058009005030
Grid:30
800090400004081060003004000090000020406000801080000070000900700050260300009030008
Grid:31
000008003200004005070209040016000007040000090800000310050801070700500008400600000
Grid:32
420903508000000000000028004045000901000000000109000740600140000000000000804506072
Grid:33
900000000673401000040090000708600000050209060000007309000050010000703924000000006
Grid:34
000000206000000000200073005008301700003705600006409500700650008000000000904000000
Grid:35
000000004040570002672010000000087500030000020005390000000030641800062070900000000
Grid:36
020007000900020468008100000000006590700000003093200000000004100165080002000600030
Grid:37
840000030060020001005080600000400900030206050002008000009070100200040080010000076
Grid:38
051000000048020600000805007000700002603000804100004000500306000007050260000000790
Grid:39
039000000100000089000100050840600000300709002000004078050001000760000004000000920
Grid:40
030000000100000089000100050800600000300700002000004008050001000760000004000000920
Grid:41
0,0,0,0,0,0,0,0,0,1,0,0,0,0,8,0,7,0,0,0,7,0,0,0,6,4,0,5,0,0,2,0,0,3,1,0,0,0,0,6,0,0,0,0,0,0,9,0,1,0,0,5,0,2,0,0,6,0,4,0,0,0,0,0,1,0,0,0,0,0,9,0,3,0,0,0,0,7,1,2,0
Grid:42
0,2,14,0,0,0,16,4,0,0,0,1,0,0,5,0,0,0,9,0,0,10,0,1,0,0,0,0,0,4,0,0,0,0,0,0,13,6,0,0,0,14,0,0,15,12,0,16,6,5,10,0,8,2,0,0,0,12,0,0,0,1,0,7,9,0,5,4,1,0,0,2,0,0,0,0,12,0,7,0,0,0,0,0,11,0,0,13,0,3,0,0,0,0,0,1,0,0,0,0,16,0,0,0,13,10,15,9,14,0,4,0,10,0,0,11,0,4,8,15,0,0,0,0,5,0,13,0,0,11,0,1,0,0,0,0,10,7,4,0,3,0,0,6,0,7,0,2,14,16,6,10,0,0,0,11,0,0,0,0,16,0,0,0,0,0,1,0,12,0,0,14,0,0,0,0,0,4,0,10,0,0,0,0,15,0,0,2,16,5,0,11,11,0,12,0,0,0,14,0,0,0,13,7,0,9,6,2,8,0,7,9,0,0,11,0,0,0,14,10,0,0,0,0,0,0,4,0,0,0,0,0,11,0,2,0,0,8,0,0,0,6,0,0,12,0,0,0,9,8,0,0,0,14,1,0